3.14
1592
6535
8979
3238
4626
4338
3279
5028
8419
7169
3993
7510
5820
9749
4459
2307
8164
0628
6208
9986
2803
4825
3421
1706
7982
1480
8651
3282
3066
4709
3844
6095
5058
2231
7253
5940
8128
4811
1745
0284
1027
0193
8521
1055
5964
4622
9489
5493
0381
9644
2881
0975
6659
3344
6128
4756
4823
3786
7831
6527
1201
9091
4564
8566
9234
6034
8610
4543
2664
8213
3936
0726
0249
1412
7372
4587
0066
0631
5588
1748
8152
0920
9628
2925
4091
7153
6436
7892
5903
6001
1330
5305
4882
0466
5213
8414
6951
9415
1160
9433
0572
7036
5759
5919
5309
2186
1173
8193
2611
7931
0511
8548
0744
6237
9962
7495
6735
1885
7527
2489
1227
9381
8301
1949
1298
3367
3362
4406
5664
3086
0213
9494
6395
2247
3719
0702
1798
6094
3702
7705
3921
7176
2931
7675
2384
6748
1846
7669
4051
3200
0568
1271
4526
3560
8277
8577
1342
7577
8960
9173
6371
7872
1468
4409
0122
4953
4301
4654
9585
3710
5079
2279
6892
5892
3542
0199
5611
2129
0219
6086
4034
4181
5981
3629
7747
7130
9960
5187
0721
1349
9999
9837
2978
0499
5105
9731
7328
1609
6318
5950
2445
9455
3469
0830
2642
5223
0825
3344
6850
3526
1931
1881
7101
0003
1378
3875
2886
5875
3320
8381
4206
1717
7669
1473
0359
8253
4904
2875
5468
7311
5956
2863
8823
5378
7593
7519
5778
1857
7805
3217
1226
8066
1300
1927
8766
1119
5909
2164
2019
8938
0952
5720
1065
4858
6327
8865
9361
5338
1827
9682
3030
1952
0353
0185
2968
9957
7362
2599
4138
9124
9721
7752
8347
9131
5155
7485
7242
4541
5069
5950
8295
3311
6861
7278
5588
9075
0983
8175
4637
4649
3931
9255
0604
0092
7701
6711
3900
9848
8240
1285
8361
6035
6370
7660
1047
1018
1942
9555
9619
8946
7678
3744
9448
2553
7977
4726
8471
0404
7534
6462
0804
6684
2590
6949
1293
3136
7702
8989
1521
0475
2162
0569
6602
4058
0381
5019
3511
2533
8243
0035
5876
4024
7496
4732
6391
4199
2726
0426
9922
7967
8235
4781
6360
0934
1721
6412
1992
4586
3150
3028
6182
9745
5570
6749
8385
0549
4588
5869
2699
5690
9272
1079
7509
3029
5532
1165
3449
8720
2755
9602
3648
0665
4991
1988
1834
7977
5356
6369
8074
2654
2527
8625
5181
8417
5746
7289
0977
7727
9380
0081
6470
6001
6145
2491
9217
3217
2147
7235
0141
4419
7356
8548
1613
6115
7352
5521
3347
5741
8494
6843
8523
3239
0739
4143
3345
4776
2416
8625
1898
3569
4855
6209
9219
2221
8427
2550
2542
5688
7671
7904
9460
1653
4668
0498
8627
2327
9178
6085
7843
8382
7967
9766
8145
4100
9538
8378
6360
9506
8006
4225
1252
0511
7392
9848
9608
4128
4886
2694
5604
2419
6528
5022
2106
6118
6306
7442
7862
2039
1949
4504
7123
7137
8696
0956
3643
7191
7287
4677
6465
7573
9624
1389
0865
8326
4599
5813
3904
7802
7590
0994
6576
4078
9512
6946
8398
3525
9570
9825
8226
2052
2489
4077
2671
9478
2684
8260
1476
9909
0264
0136
3944
3745
5305
0682
0349
6252
4517
4939
9651
4314
2980
9190
6592
5093
7221
6964
6151
5709
8583
8741
0597
8859
5977
2975
4989
3016
1753
9284
6813
8268
6838
6894
2774
1559
9185
5925
2459
5395
9431
0499
7252
4680
8459
8727
3644
6958
4865
3836
7362
2262
6099
1246
0805
1243
8843
9045
1244
1365
4976
2780
7977
1569
1435
9977
0012
9616
0894
4169
4868
5558
4840
6353
4220
7222
5828
4886
4815
8456
0285
0601
6842
7394
5226
7467
6788
9525
2138
5225
4995
4666
7278
2398
6456
5961
1635
4886
2305
7745
6498
0355
9363
4568
1743
2411
2515
0760
6947
9451
0965
9609
4025
2288
7971
0893
1456
6913
6867
2287
4894
0560
1015
0330
8617
9286
8092
0874
7609
1782
4938
5890
0971
4909
6759
8526
1365
5497
8189
3129
7848
2168
2998
9487
2265
8804
8575
6401
4270
4775
5513
2379
6414
5152
3746
2343
6454
2858
4447
9526
5867
8210
5114
1354
7357
3952
3113
4271
6610
2135
9695
3623
1442
9524
8493
7187
1101
4576
5403
5902
7993
4403
7420
0731
0578
5390
6219
8387
4478
0847
8489
6833
2144
5713
8687
5194
3506
4302
1845
3191
0484
8100
5370
6146
8067
4919
2781
9119
7939
9520
6141
9663
4287
5444
0643
7451
2371
8192
1799
9839
1015
9195
6181
4675
1426
9123
9748
9409
0718
6494
2319
6156
7945
2080
9514
6550
2252
3160
3881
9301
4209
3762
1378
5595
6638
9377
8708
3039
0697
9207
7346
7221
8256
2599
6615
0142
1503
0680
3844
7734
5492
0260
5414
6659
2520
1497
4428
5073
2518
6660
0213
2434
0881
9071
0486
3317
3464
9651
4539
0579
6268
5610
0550
8106
6587
9699
8163
5747
3638
4052
5714
5910
2897
0641
4011
0971
2062
8043
9039
7595
1567
7157
7004
2033
7869
9360
0723
0558
7631
7635
9421
8731
2514
7120
5329
2819
1826
1861
2586
7321
5791
9841
4848
8291
6447
0609
5752
7069
5722
0917
5671
1672
2910
9816
9091
5280
1735
0671
2748
5832
2287
1835
2093
5396
5725
1210
8357
9151
3698
8209
1444
2100
6751
0334
6711
0314
1267
1113
6990
8658
5163
9831
5019
7016
5151
1685
1714
3765
7618
3515
5650
8849
0998
9859
9823
8734
5528
3316
3550
7647
9185
3589
3226
1854
8963
2132
9330
8985
7064
2046
7525
9070
9154
8141
6549
8594
6163
7180
2709
8199
4309
9244
8895
7571
2828
9059
2323
3260
9729
9712
0844
3357
3265
4893
8239
1193
2597
4636
6730
5836
0414
2813
8830
3203
8249
0375
8985
2437
4417
0291
3276
5618
0937
7344
4030
7074
6921
1201
9130
2033
0380
1976
2110
1100
4492
9321
5160
8424
4485
9637
6698
3895
2286
8478
3123
5526
5821
3144
9576
8572
6243
3441
8930
3968
6426
2434
1077
3226
9780
2807
3189
1544
1101
0446
8232
5271
6201
0526
5227
2111
6603
9666
5573
0925
4711
0557
8537
6346
6820
6531
0989
6526
9186
2056
4769
3125
7058
6356
6201
8558
1007
2936
0659
8764
8611
7910
4533
4885
0346
1136
5768
6753
2494
4166
8039
6265
7978
7718
5560
8455
2965
4126
6540
8530
6143
4443
1858
6769
7514
5661
4068
0070
0237
8776
5913
4401
7127
4947
0420
5622
3053
8994
5613
1407
1127
0004
0785
4733
2699
3908
1454
6646
4588
0797
2708
2668
3063
4328
5878
5698
3052
3580
8933
0657
5740
6795
4571
6377
5254
2021
1495
5761
5814
0025
0126
2285
9413
0216
4715
5097
9259
2309
9079
6547
3761
2551
7656
7513
5751
7829
6664
5477
9174
5011
2996
1489
0304
6399
4713
2962
1073
4043
7518
9573
5961
4589
0193
8971
3111
7904
2978
2856
4750
3203
1986
9151
4028
7080
8599
0480
1094
1214
7221
3179
4764
7772
6224
1425
4854
5403
3215
7185
3061
4228
8137
5850
4306
3321
7518
2979
8662
2371
7215
9160
7716
6925
4748
7389
8665
4949
4501
1465
4062
8433
6639
3790
0397
6926
5672
1463
8530
6736
0965
7120
9180
7638
3271
6641
6274
8888
0078
6925
6029
0228
4721
0403
1721
1860
8204
1900
0422
9661
7119
6377
9213
3757
5114
9595
0156
6049
6318
6294
7265
4736
4252
3081
7703
6751
5906
7350
2350
7283
5405
6704
0386
7435
1362
2224
7715
8915
0495
3098
4448
9333
0963
4087
8076
9325
9939
7805
4193
4144
7377
4418
4263
1298
6080
9988
8687
4132
6047
2156
9516
2396
5864
5730
2163
1598
1931
9516
7353
8129
7416
7729
4786
7242
2924
6543
6680
0980
6769
2823
8280
6899
6400
4824
3540
3701
4163
1496
5897
9409
2432
3789
6907
0697
7942
2362
5082
2168
8957
3837
9862
3001
5937
7647
1651
2289
3578
6015
8816
1755
7829
7352
3344
6042
8151
2627
2037
3431
4653
1977
7741
6031
9906
6554
1876
3979
2933
4419
5215
4134
1899
4854
4473
4567
3831
6249
9341
9131
8148
0927
7771
0386
3877
3431
7720
7545
6545
3220
7770
9212
0190
5166
0962
8049
0926
3601
9759
8828
1613
3231
6663
6528
6193
2668
6336
0627
3567
6303
5447
7628
0350
4507
7723
5547
1058
5954
8702
7908
1435
6240
1451
7180
6246
4362
6794
5612
7531
8134
0783
3033
6254
2327
8394
4975
3824
3720
5835
3114
7711
9926
0638
1334
6776
8796
9597
0309
8339
1307
7109
8704
0859
1337
4641
4428
2277
2634
6594
7047
4587
8477
8720
1927
7152
8073
1767
9077
0715
7213
4447
3060
5700
7334
9243
6931
1383
5049
3163
1284
0425
1219
2565
1798
0694
1135
2801
3147
0130
4781
6437
8851
8529
0928
5452
0116
5839
3419
6562
1349
1434
1595
6258
6586
5570
5526
9049
6520
9858
0338
5072
2426
4829
3972
8584
7831
6305
7777
5606
8887
6446
2482
4685
7926
0395
3527
7348
0304
8029
0058
7607
5825
1047
4709
1643
9613
6267
6044
9256
2742
0420
8320
8566
1190
6254
5433
7213
1535
9584
5068
7724
6029
0161
8766
7952
4061
6342
5225
7719
5429
1629
9193
0645
5377
9914
0373
4043
2875
2628
8896
3995
8794
7572
9174
6426
3574
5525
4079
0914
5135
7111
3694
1091
1939
3251
9107
6020
8252
0261
8798
5318
8770
5842
9725
9167
7813
1496
9900
9019
2116
9717
3727
8476
8472
6860
8490
0337
7024
2429
1651
3005
0051
6832
3364
3503
8951
7029
8939
2233
4517
2201
3812
8069
6501
1784
4087
4519
6012
1228
5993
7162
3130
1711
4448
4640
9038
9064
4954
4400
6198
6907
5485
1602
6327
5052
9834
9187
4078
6680
8818
3385
1022
8334
5085
0486
0825
0393
0213
3219
7155
1843
0635
4550
0766
8282
9493
0413
7765
5279
3975
1754
6139
5398
4683
3936
3830
4746
1199
6653
8581
5384
2056
8533
8621
8672
5233
4028
3087
1123
2827
8921
2507
7126
2946
3229
5639
8989
8935
8211
6745
6270
1021
8356
4622
0134
9671
5188
1909
7303
8119
8004
9734
0723
9610
3685
4066
4319
3950
9790
1906
9963
9552
4530
0545
0580
6855
0195
6730
2292
1913
9339
1856
8034
4903
9820
5955
1002
2635
3536
1920
4199
4745
5385
9381
0234
3955
4495
9778
3779
0237
4216
1727
1117
2364
3435
4394
7822
1818
5286
2408
5140
0666
0443
3258
8856
9867
0543
1547
0696
5747
4585
5033
2323
3421
0730
1545
9405
1655
3790
6866
2733
3799
5851
1562
5784
3229
8827
3723
1989
8757
1415
9578
1119
6358
3300
5940
8730
6812
1602
8764
9628
6744
6047
7464
9159
9505
4973
7425
6269
0104
9037
7819
8683
5938
1465
7412
6804
9256
4879
8556
1453
7234
7867
3303
9046
8838
3436
3465
5379
4986
4192
7056
3872
9317
4872
3320
8376
0112
3029
9113
6793
8627
0894
3879
9362
0162
9515
4133
7142
4892
8307
2201
2690
1475
4668
4765
3576
1647
7379
4675
2004
9075
7155
5278
1965
3621
3239
2640
6160
1363
5815
5907
4220
2020
3187
2776
0527
7219
0055
6148
4255
5187
9253
0343
5139
8442
5322
3415
7623
3610
6425
0639
0497
5008
6562
7109
5359
1946
5897
5141
3103
4822
7693
0624
7435
3632
5691
6078
1547
8181
1528
4366
7957
0611
0861
5331
5044
5212
7473
9245
4494
5423
6828
8606
1340
8414
8637
7670
0961
2071
5124
9140
4302
7253
8607
6482
3634
1433
4623
5189
7576
6452
1641
3767
9690
3149
5019
1085
7598
4423
9198
6291
6421
9399
4907
2362
3464
6844
1173
9403
2659
1840
4437
8051
3338
9452
5742
3995
0829
6591
2285
0855
5821
5725
0310
7125
7012
6683
0240
2929
5252
2011
8726
7675
6220
4154
2051
6184
1634
8475
6516
9998
1161
4101
0029
9607
8386
9092
9160
3028
8400
2691
0414
0792
8862
1507
8424
5167
0908
7000
6992
8212
0660
4183
7180
6535
5672
5253
2567
5328
6129
1042
4877
6182
5829
7651
5795
9847
0356
2226
2934
8600
3415
8722
9805
3498
9650
2262
9174
8788
2027
3420
9222
2453
3985
6264
7669
1490
5562
8425
0391
2757
7102
8402
7998
0663
6582
5488
9264
8802
5456
6101
7296
7026
6407
6559
0429
0994
5681
5065
2653
0537
1829
4127
0336
9313
7851
7860
9040
7086
6711
4965
5834
3434
7693
3857
8171
1386
4558
7367
8123
0145
8768
7126
6034
8913
9095
6200
9939
3610
3102
9161
6152
8813
8437
9099
0423
1747
3363
9480
4575
9314
9314
0529
7634
7574
8119
3567
0911
0137
7517
2100
8031
5590
2485
3090
6692
0376
7192
2033
2290
9433
4676
8514
2214
4773
7939
3751
7034
4366
1991
0403
3751
1173
5471
9185
5046
4490
2636
5512
8162
2882
4462
5759
1633
3039
1072
2538
3742
1821
4088
3508
6573
9177
1509
6828
8747
8265
6995
9957
4490
6617
5834
4137
5223
9709
6834
0800
5355
9849
1754
1738
1883
9994
4697
4867
6265
5165
8276
5848
3588
4531
4277
5687
9002
9095
1702
8352
9716
3445
6212
9640
4352
3117
6006
6510
1241
2006
5975
5851
2761
7858
3829
2041
9748
4423
6080
0719
3045
7618
9323
4922
9279
6501
9875
1872
1272
6750
7981
2554
7095
8904
5563
5792
1221
0333
4669
7499
2356
3025
4947
8024
9011
4195
2123
8281
5309
1140
7907
3860
2515
2274
2995
8180
7247
1625
9166
8545
1333
1239
4804
9470
7911
9153
2673
4302
8244
1860
4142
6363
9548
0004
4800
2670
4962
4820
1792
8964
7669
7583
1832
7131
4251
7029
6923
4889
6276
6844
0323
2609
2752
4960
3579
9646
9256
5049
3681
8360
9003
2380
9293
4595
8897
0695
3653
4940
6034
0216
6544
3755
8900
4563
2882
2505
4525
5640
5644
8246
5151
8754
7119
6218
4439
6582
5337
5438
8569
0941
1303
1509
5261
7937
8002
9741
2076
6514
7939
4259
0298
9695
9469
9556
5761
2186
5619
6733
7862
3625
6125
2163
2086
2869
2221
0327
4889
2186
5436
4802
2967
8070
5765
6151
4463
2046
9279
0682
1207
3883
7781
4233
5628
2360
8963
2080
6822
2468
0122
4826
1177
1858
9638
1409
1839
0367
3672
2208
8832
1513
7556
0037
2798
3940
0415
2970
0287
8307
6670
9444
7456
0134
5564
1725
4370
9069
7939
6122
5714
2989
4671
5435
7846
8788
6144
4581
2314
5935
7198
4922
5284
7160
5049
2212
4247
0141
2147
8057
3455
1050
0801
9086
9960
3302
7634
7870
8108
1754
5011
9307
1412
2339
0866
3938
3395
2942
5786
9050
7643
1006
3835
1983
4389
3415
9613
1854
3475
4649
5569
7810
3829
3097
1646
5143
8407
0070
7360
4112
3735
9984
3452
2516
1050
7027
0562
3526
6012
7648
4830
8407
6118
3013
0527
9320
5427
4628
6540
3603
6745
3286
5105
7065
8748
8225
6981
5793
6789
7669
7422
0575
0596
8344
0869
7350
2014
1020
6723
5850
2007
2452
2563
2651
3410
5592
4019
0274
2162
4843
9140
3599
8953
5394
5909
4407
0469
1209
1409
3870
0126
4560
0162
3742
8802
1092
7645
7931
0657
9229
5524
9887
2758
4610
1264
8369
9989
2256
9596
8815
9205
6001
0165
5256
3756
78